{
  "None": {
    "accuracy_mean": 0.4641654641654642,
    "sharpe_mean": -1.3238552291604517,
    "deflated_sharpe_mean": -1.368581337458858,
    "pbo": 0.3333333333333333
  },
  "0.4": {
    "accuracy_mean": 0.49729729729729727,
    "sharpe_mean": -1.818641727908685,
    "deflated_sharpe_mean": -1.8798523602901618,
    "pbo": 1.0
  },
  "0.5": {
    "accuracy_mean": 0.48613928329952666,
    "sharpe_mean": 0.38661647002782545,
    "deflated_sharpe_mean": 0.33358858955209597,
    "pbo": 0.3333333333333333
  },
  "0.6": {
    "accuracy_mean": 0.4765258215962442,
    "sharpe_mean": 1.1663514025943187,
    "deflated_sharpe_mean": 1.1169483754959852,
    "pbo": 0.0
  }
}